   7.5000000E-02  -4.9154082E+49
   1.5000000E-01  -4.0062357E+50
   2.2500000E-01  -6.3042774E+50
   3.0000000E-01   6.2455494E+50
   3.7500000E-01   2.3983008E+51
   4.5000000E-01   1.0983585E+51
   5.2500000E-01  -3.3464061E+51
   6.0000000E-01  -4.6443600E+51
   6.7500000E-01   1.2452594E+51
   7.5000000E-01   7.4583741E+51
   8.2500000E-01   3.9181741E+51
   9.0000000E-01  -6.5914610E+51
   9.7500000E-01  -9.3942630E+51
   1.0500000E+00   1.2824107E+51
   1.1250000E+00   1.1543112E+52
   1.2000000E+00   6.1831223E+51
   1.2750000E+00  -8.4410378E+51
   1.3500000E+00  -1.1879658E+52
   1.4250000E+00   1.2368706E+51
   1.5000000E+00   1.2730962E+52
   1.5750000E+00   6.5562812E+51
   1.6500000E+00  -8.3479484E+51
   1.7250000E+00  -1.1195030E+52
   1.8000000E+00   1.1294142E+51
   1.8750000E+00   1.0832684E+52
   1.9500000E+00   5.2773228E+51
   2.0250000E+00  -6.3773080E+51
   2.1000000E+00  -8.1034431E+51
   2.1750000E+00   6.8918940E+50
   2.2500000E+00   6.8758505E+51
   2.3250000E+00   3.2701787E+51
   2.4000000E+00  -3.3418047E+51
   2.4750000E+00  -4.1419191E+51
   2.5500000E+00   6.1549381E+49
   2.6250000E+00   2.6718962E+51
   2.7000000E+00   1.3315936E+51
   2.7750000E+00  -7.6147827E+50
   2.8500000E+00  -9.8377202E+50
   2.9250000E+00  -1.5450023E+50
   3.0000000E+00   2.0729504E+50
   3.0750000E+00   8.0348011E+49
   3.1500000E+00  -1.4577752E+49
   3.2250000E+00   1.4083499E+49
   3.3000000E+00   2.0806428E+50
   3.3750000E+00   4.5835966E+50
   3.4500000E+00   1.0049701E+50
   3.5250000E+00  -9.6603109E+50
   3.6000000E+00  -1.2122152E+51
   3.6750000E+00   5.1769430E+50
   3.7500000E+00   2.3038462E+51
   3.8250000E+00   1.1139553E+51
   3.9000000E+00  -2.1949046E+51
   3.9750000E+00  -2.9859554E+51
   4.0500000E+00   5.1290757E+50
   4.1250000E+00   3.7425545E+51
   4.2000000E+00   1.9071107E+51
   4.2750000E+00  -2.7187600E+51
   4.3500000E+00  -3.6460345E+51
   4.4250000E+00   4.3947544E+50
   4.5000000E+00   3.7298995E+51
   4.5750000E+00   1.7855222E+51
   4.6500000E+00  -2.2700506E+51
   4.7250000E+00  -2.7827323E+51
   4.8000000E+00   3.1363414E+50
   4.8750000E+00   2.2766404E+51
   4.9500000E+00   9.2711913E+50
   5.0250000E+00  -9.9212065E+50
   5.1000000E+00  -9.0776416E+50
   5.1750000E+00   6.3800266E+49
   5.2500000E+00   7.4721276E+49
   5.3250000E+00  -1.8319521E+50
   5.4000000E+00   5.3811487E+50
   5.4750000E+00   1.0954801E+51
   5.5500000E+00  -1.4819388E+50
   5.6250000E+00  -1.8261058E+51
   5.7000000E+00  -1.1266978E+51
   5.7750000E+00   1.4912301E+51
   5.8500000E+00   2.3362503E+51
   5.9250000E+00  -6.8382557E+49
   6.0000000E+00  -2.4777427E+51
   6.0750000E+00  -1.5339649E+51
   6.1500000E+00   1.3664950E+51
   6.2250000E+00   2.2285624E+51
   6.3000000E+00   1.8793684E+50
   6.3750000E+00  -1.6861083E+51
   6.4500000E+00  -1.1078781E+51
   6.5250000E+00   5.6972178E+50
   6.6000000E+00   9.9515239E+50
   6.6750000E+00   1.6134492E+50
   6.7500000E+00  -3.6175570E+50
   6.8250000E+00  -1.3562164E+50
   6.9000000E+00  -1.8519170E+49
   6.9750000E+00  -2.5576810E+50
   7.0500000E+00  -1.4129570E+50
   7.1250000E+00   4.2514245E+50
   7.2000000E+00   5.3603597E+50
   7.2750000E+00  -1.6656069E+50
   7.3500000E+00  -7.1916459E+50
   7.4250000E+00  -2.8222027E+50
   7.5000000E+00   5.2666499E+50
   7.5750000E+00   5.6810053E+50
   7.6500000E+00  -1.3089200E+50
   7.7250000E+00  -5.3545683E+50
   7.8000000E+00  -1.8454896E+50
   7.8750000E+00   2.9020258E+50
   7.9500000E+00   2.6418126E+50
   8.0250000E+00  -5.1773614E+49
   8.1000000E+00  -1.5653575E+50
   8.1750000E+00  -3.4488696E+49
   8.2500000E+00   2.1819186E+49
   8.3250000E+00  -2.0296198E+49
   8.4000000E+00   1.5822120E+49
   8.4750000E+00   1.0180870E+50
   8.5500000E+00   4.9101371E+49
   8.6250000E+00  -1.0892661E+50
   8.7000000E+00  -1.3102817E+50
   8.7750000E+00   3.2074654E+49
   8.8500000E+00   1.4625170E+50
   8.9250000E+00   5.9269029E+49
   9.0000000E+00  -8.4943569E+49
   9.0750000E+00  -9.3248392E+49
   9.1500000E+00   5.9030498E+48
   9.2250000E+00   6.0715313E+49
   9.3000000E+00   2.9971669E+49
   9.3750000E+00  -1.1166288E+49
   9.4500000E+00  -1.7252262E+49
   9.5250000E+00  -8.2753130E+48
   9.6000000E+00  -2.1779776E+48
   9.6750000E+00   1.4265075E+48
   9.7500000E+00  -2.2357341E+48
   9.8250000E+00  -6.0858100E+48
   9.9000000E+00   1.2484844E+49
   9.9750000E+00   3.6433229E+49
   1.0050000E+01   9.2752369E+48
   1.0125000E+01  -5.9149491E+49
   1.0200000E+01  -6.4875880E+49
   1.0275000E+01   3.3375608E+49
   1.0350000E+01   1.0938481E+50
   1.0425000E+01   3.7082938E+49
   1.0500000E+01  -9.7863878E+49
   1.0575000E+01  -1.0229991E+50
   1.0650000E+01   3.3016359E+49
   1.0725000E+01   1.1381834E+50
   1.0800000E+01   3.6304007E+49
   1.0875000E+01  -6.9228338E+49
   1.0950000E+01  -5.9417299E+49
   1.1025000E+01   1.3390516E+49
   1.1100000E+01   2.8084740E+49
   1.1175000E+01   1.3892528E+48
   1.1250000E+01   1.6519493E+49
   1.1325000E+01   3.8580345E+49
   1.1400000E+01  -1.9208613E+49
   1.1475000E+01  -9.4424071E+49
   1.1550000E+01  -4.0280903E+49
   1.1625000E+01   1.0568441E+50
   1.1700000E+01   1.2556492E+50
   1.1775000E+01  -4.2667792E+49
   1.1850000E+01  -1.6983959E+50
   1.1925000E+01  -6.3375305E+49
   1.2000000E+01   1.3175682E+50
   1.2075000E+01   1.4125186E+50
   1.2150000E+01  -3.4327112E+49
   1.2225000E+01  -1.3899538E+50
   1.2300000E+01  -5.0796331E+49
   1.2375000E+01   7.0949949E+49
   1.2450000E+01   6.5491678E+49
   1.2525000E+01  -6.3580376E+48
   1.2600000E+01  -1.8894903E+49
   1.2675000E+01   4.1843191E+48
   1.2750000E+01  -2.2012808E+49
   1.2825000E+01  -5.5272522E+49
   1.2900000E+01   7.4437565E+47
   1.2975000E+01   9.2972220E+49
   1.3050000E+01   7.0203956E+49
   1.3125000E+01  -6.4079000E+49
   1.3200000E+01  -1.2413699E+50
   1.3275000E+01  -1.6276265E+49
   1.3350000E+01   1.1118269E+50
   1.3425000E+01   8.4602531E+49
   1.3500000E+01  -4.5385741E+49
   1.3575000E+01  -9.5340185E+49
   1.3650000E+01  -1.8387832E+49
   1.3725000E+01   5.7730349E+49
   1.3800000E+01   4.0618336E+49
   1.3875000E+01  -1.4154292E+49
   1.3950000E+01  -2.4550502E+49
   1.4025000E+01  -2.9869775E+48
   1.4100000E+01   2.1955895E+47
   1.4175000E+01  -7.5478985E+48
   1.4250000E+01   6.6718797E+48
   1.4325000E+01   2.4879684E+49
   1.4400000E+01   7.3109004E+48
   1.4475000E+01  -2.8406516E+49
   1.4550000E+01  -2.6973512E+49
   1.4625000E+01   1.3726848E+49
   1.4700000E+01   3.5023198E+49
   1.4775000E+01   7.6466566E+48
   1.4850000E+01  -2.6203137E+49
   1.4925000E+01  -2.0698680E+49
   1.5000000E+01   9.0036113E+48
