   7.5000000E-02  -4.9292819E+49
   1.5000000E-01  -4.0175335E+50
   2.2500000E-01  -6.3220302E+50
   3.0000000E-01   6.2631012E+50
   3.7500000E-01   2.4050230E+51
   4.5000000E-01   1.1014271E+51
   5.2500000E-01  -3.3557192E+51
   6.0000000E-01  -4.6572269E+51
   6.7500000E-01   1.2486914E+51
   7.5000000E-01   7.4788081E+51
   8.2500000E-01   3.9288375E+51
   9.0000000E-01  -6.6092663E+51
   9.7500000E-01  -9.4194290E+51
   1.0500000E+00   1.2858145E+51
   1.1250000E+00   1.1573440E+52
   1.2000000E+00   6.1991850E+51
   1.2750000E+00  -8.4626952E+51
   1.3500000E+00  -1.1909723E+52
   1.4250000E+00   1.2399538E+51
   1.5000000E+00   1.2762170E+52
   1.5750000E+00   6.5720579E+51
   1.6500000E+00  -8.3676272E+51
   1.7250000E+00  -1.1220822E+52
   1.8000000E+00   1.1319501E+51
   1.8750000E+00   1.0856313E+52
   1.9500000E+00   5.2884619E+51
   2.0250000E+00  -6.3902714E+51
   2.1000000E+00  -8.1192121E+51
   2.1750000E+00   6.9046350E+50
   2.2500000E+00   6.8878059E+51
   2.3250000E+00   3.2754535E+51
   2.4000000E+00  -3.3467077E+51
   2.4750000E+00  -4.1472832E+51
   2.5500000E+00   6.1616302E+49
   2.6250000E+00   2.6741107E+51
   2.7000000E+00   1.3322517E+51
   2.7750000E+00  -7.6150622E+50
   2.8500000E+00  -9.8314088E+50
   2.9250000E+00  -1.5422466E+50
   3.0000000E+00   2.0642232E+50
   3.0750000E+00   7.9259441E+49
   3.1500000E+00  -1.5094731E+49
   3.2250000E+00   1.4223632E+49
   3.3000000E+00   2.0939094E+50
   3.3750000E+00   4.6060387E+50
   3.4500000E+00   1.0090403E+50
   3.5250000E+00  -9.6938827E+50
   3.6000000E+00  -1.2158983E+51
   3.6750000E+00   5.1908072E+50
   3.7500000E+00   2.3092878E+51
   3.8250000E+00   1.1162618E+51
   3.9000000E+00  -2.1988359E+51
   3.9750000E+00  -2.9904769E+51
   4.0500000E+00   5.1353968E+50
   4.1250000E+00   3.7460672E+51
   4.2000000E+00   1.9083043E+51
   4.2750000E+00  -2.7195389E+51
   4.3500000E+00  -3.6457110E+51
   4.4250000E+00   4.3925070E+50
   4.5000000E+00   3.7261807E+51
   4.5750000E+00   1.7827238E+51
   4.6500000E+00  -2.2649339E+51
   4.7250000E+00  -2.7740888E+51
   4.8000000E+00   3.1231568E+50
   4.8750000E+00   2.2636889E+51
   4.9500000E+00   9.1985220E+50
   5.0250000E+00  -9.8093172E+50
   5.1000000E+00  -8.9161751E+50
   5.1750000E+00   6.1551887E+49
   5.2500000E+00   5.5323493E+49
   5.3250000E+00  -1.9320793E+50
   5.4000000E+00   5.5198144E+50
   5.4750000E+00   1.1142703E+51
   5.5500000E+00  -1.5010969E+50
   5.6250000E+00  -1.8450187E+51
   5.7000000E+00  -1.1363622E+51
   5.7750000E+00   1.5020112E+51
   5.8500000E+00   2.3505803E+51
   5.9250000E+00  -6.8737343E+49
   6.0000000E+00  -2.4884668E+51
   6.0750000E+00  -1.5393436E+51
   6.1500000E+00   1.3701618E+51
   6.2250000E+00   2.2326174E+51
   6.3000000E+00   1.8810009E+50
   6.3750000E+00  -1.6857151E+51
   6.4500000E+00  -1.1061212E+51
   6.5250000E+00   5.6780406E+50
   6.6000000E+00   9.8924802E+50
   6.6750000E+00   1.5970499E+50
   6.7500000E+00  -3.5490059E+50
   6.8250000E+00  -1.2871622E+50
   6.9000000E+00  -2.1391147E+49
   6.9750000E+00  -2.6478225E+50
   7.0500000E+00  -1.4424602E+50
   7.1250000E+00   4.3156060E+50
   7.2000000E+00   5.4238179E+50
   7.2750000E+00  -1.6816714E+50
   7.3500000E+00  -7.2490376E+50
   7.4250000E+00  -2.8408183E+50
   7.5000000E+00   5.2948443E+50
   7.5750000E+00   5.7046336E+50
   7.6500000E+00  -1.3127642E+50
   7.7250000E+00  -5.3631732E+50
   7.8000000E+00  -1.8456142E+50
   7.8750000E+00   2.8966907E+50
   7.9500000E+00   2.6302149E+50
   8.0250000E+00  -5.1350622E+49
   8.1000000E+00  -1.5423951E+50
   8.1750000E+00  -3.3479319E+49
   8.2500000E+00   1.9677197E+49
   8.3250000E+00  -2.2787361E+49
   8.4000000E+00   1.6508796E+49
   8.4750000E+00   1.0465584E+50
   8.5500000E+00   5.0143858E+49
   8.6250000E+00  -1.1081638E+50
   8.7000000E+00  -1.3295947E+50
   8.7750000E+00   3.2485009E+49
   8.8500000E+00   1.4789294E+50
   8.9250000E+00   5.9853610E+49
   9.0000000E+00  -8.5675174E+49
   9.0750000E+00  -9.3937575E+49
   9.1500000E+00   5.9391839E+48
   9.2250000E+00   6.1001568E+49
   9.3000000E+00   3.0062855E+49
   9.3750000E+00  -1.1176161E+49
   9.4500000E+00  -1.7214234E+49
   9.5250000E+00  -8.2147465E+48
   9.6000000E+00  -2.1383800E+48
   9.6750000E+00   1.3393658E+48
   9.7500000E+00  -2.5606404E+48
   9.8250000E+00  -6.3515430E+48
   9.9000000E+00   1.2841819E+49
   9.9750000E+00   3.7248514E+49
   1.0050000E+01   9.4504968E+48
   1.0125000E+01  -6.0131660E+49
   1.0200000E+01  -6.5844663E+49
   1.0275000E+01   3.3830010E+49
   1.0350000E+01   1.1075299E+50
   1.0425000E+01   3.7510305E+49
   1.0500000E+01  -9.8901463E+49
   1.0575000E+01  -1.0329102E+50
   1.0650000E+01   3.3304510E+49
   1.0725000E+01   1.1468899E+50
   1.0800000E+01   3.6534328E+49
   1.0875000E+01  -6.9547483E+49
   1.0950000E+01  -5.9536230E+49
   1.1025000E+01   1.3353858E+49
   1.1100000E+01   2.7658422E+49
   1.1175000E+01   1.1388098E+48
   1.1250000E+01   1.7297234E+49
   1.1325000E+01   3.9626181E+49
   1.1400000E+01  -1.9613095E+49
   1.1475000E+01  -9.6128875E+49
   1.1550000E+01  -4.0933884E+49
   1.1625000E+01   1.0726204E+50
   1.1700000E+01   1.2731728E+50
   1.1775000E+01  -4.3229730E+49
   1.1850000E+01  -1.7196249E+50
   1.1925000E+01  -6.4129342E+49
   1.2000000E+01   1.3324982E+50
   1.2075000E+01   1.4277309E+50
   1.2150000E+01  -3.4676538E+49
   1.2225000E+01  -1.4031800E+50
   1.2300000E+01  -5.1238485E+49
   1.2375000E+01   7.1489213E+49
   1.2450000E+01   6.5874887E+49
   1.2525000E+01  -6.3725528E+48
   1.2600000E+01  -1.8687775E+49
   1.2675000E+01   4.4484795E+48
   1.2750000E+01  -2.2518601E+49
   1.2825000E+01  -5.6246931E+49
   1.2900000E+01   7.5587435E+47
   1.2975000E+01   9.4294858E+49
   1.3050000E+01   7.1146342E+49
   1.3125000E+01  -6.4901846E+49
   1.3200000E+01  -1.2567487E+50
   1.3275000E+01  -1.6471876E+49
   1.3350000E+01   1.1248375E+50
   1.3425000E+01   8.5568859E+49
   1.3500000E+01  -4.5892454E+49
   1.3575000E+01  -9.6381143E+49
   1.3650000E+01  -1.8584052E+49
   1.3725000E+01   5.8331135E+49
   1.3800000E+01   4.1028469E+49
   1.3875000E+01  -1.4291339E+49
   1.3950000E+01  -2.4771139E+49
   1.4025000E+01  -3.0083645E+48
   1.4100000E+01   1.8944278E+47
   1.4175000E+01  -7.6545619E+48
   1.4250000E+01   6.7532484E+48
   1.4325000E+01   2.5166105E+49
   1.4400000E+01   7.3923461E+48
   1.4475000E+01  -2.8716020E+49
   1.4550000E+01  -2.7262587E+49
   1.4625000E+01   1.3872064E+49
   1.4700000E+01   3.5389858E+49
   1.4775000E+01   7.7260369E+48
   1.4850000E+01  -2.6473346E+49
   1.4925000E+01  -2.0911087E+49
   1.5000000E+01   9.0957406E+48
